190
10 6.564e-05
11 6.4688e-05
12 7.844e-05
13 7.5002e-05
14 7.6597e-05
15 0.000162262
16 8.7208e-05
17 9.4488e-05
18 0.000104102
19 0.000101078
20 0.000101911
21 9.7562e-05
22 0.000123244
23 7.6074e-05
24 7.5895e-05
25 8.1216e-05
26 8.3471e-05
27 8.6834e-05
28 8.3417e-05
29 9.6112e-05
30 9.1552e-05
31 9.9135e-05
32 0.000104081
33 0.000105991
34 0.00010304
35 0.000114866
36 0.00016885
37 0.000204106
38 0.000192505
39 0.000164799
40 0.00018588
41 0.000169757
42 0.000189734
43 0.000195847
44 0.000191726
45 0.000177007
46 0.000204512
47 0.000223235
48 0.000224758
49 0.000228886
50 0.000204072
51 0.000161012
52 0.000168367
53 0.000170341
54 0.000181805
55 0.00017934
56 0.000179178
57 0.000187014
58 0.000185347
59 0.000202267
60 0.000191432
61 0.000199768
62 0.000214653
63 0.000204296
64 0.000196824
65 0.000203457
66 0.000201488
67 0.000199924
68 0.000207647
69 0.000204454
70 0.000223849
71 0.00021649
72 0.000223674
73 0.000222903
74 0.000228786
75 0.000232634
76 0.000232959
77 0.000247939
78 0.000235154
79 0.000283896
80 0.000333102
81 0.00035325
82 0.000358915
83 0.000379444
84 0.000370903
85 0.00039504
86 0.000390985
87 0.00040188
88 0.000295325
89 0.000386023
90 0.000397789
91 0.000355691
92 0.000304791
93 0.000292008
94 0.000290467
95 0.000303018
96 0.000304849
97 0.000317035
98 0.000318993
99 0.000306362
100 0.000331091
101 0.000318701
102 0.000327826
103 0.000433469
104 0.000335524
105 0.000333403
106 0.000330544
107 0.00034007
108 0.000348601
109 0.000315893
110 0.000314298
111 0.000335283
112 0.000322517
113 0.000328577
114 0.000328852
115 0.000338163
116 0.000334338
117 0.00037544
118 0.000340806
119 0.000355357
120 0.000349504
121 0.000352787
122 0.000377925
123 0.000360646
124 0.000350842
125 0.000378709
126 0.000414802
127 0.00038393
128 0.000387915
129 0.000392709
130 0.000424664
131 0.000375914
132 0.000503508
133 0.000391826
134 0.000402004
135 0.000406809
136 0.000415325
137 0.000413702
138 0.000407317
139 0.000420631
140 0.000425131
141 0.000432686
142 0.000426487
143 0.000427527
144 0.000410418
145 0.000434682
146 0.000440408
147 0.000441711
148 0.000444736
149 0.000437239
150 0.000512298
151 0.000449332
152 0.0004658
153 0.000445708
154 0.000459647
155 0.000463707
156 0.000460815
157 0.000465381
158 0.000460254
159 0.000466652
160 0.000467464
161 0.000476779
162 0.000476463
163 0.000476324
164 0.000493583
165 0.000485971
166 0.000512874
167 0.000495369
168 0.000513532
169 0.000515495
170 0.000513135
171 0.000527971
172 0.000530499
173 0.000524557
174 0.000539107
175 0.000529446
176 0.00052861
177 0.000546778
178 0.000552231
179 0.000543751
180 0.000547035
181 0.000565217
182 0.000562429
183 0.000562021
184 0.000550807
185 0.000564928
186 0.00057155
187 0.00057611
188 0.000572538
189 0.000568476
190 0.000644759
191 0.000572083
192 0.000583588
193 0.00059029
194 0.000583127
195 0.000585479
196 0.00057727
197 0.000617841
198 0.000632556
199 0.000599641
200 0.00060062
