2.43484e-008 0.00015604 1 0.000335531 0 0 0 0 0 0 0 190
3.49486e-009 5.91174e-005 2 -0.000556589 0.0002006 0 0 0 0 0 102 0
1.09408e-009 3.30768e-005 2 4.66181e-005 0 2.77149e-006 0 0 0 0 157 0
1.09596e-009 3.31052e-005 3 2.25561e-005 7.25418e-006 2.68743e-006 0 0 0 0 243 0
1.09746e-009 3.3128e-005 3 3.96531e-005 0 3.21045e-006 -7.88904e-008 0 0 0 301 0
1.09919e-009 3.31541e-005 4 -2.79059e-005 3.32394e-005 1.18772e-007 4.04839e-007 0 0 0 491 0
1.0994e-009 3.31571e-005 3 4.59339e-005 0 2.77841e-006 0 -4.22216e-011 0 0 316 0
1.07946e-009 3.28551e-005 4 -1.02696e-005 0 1.00298e-005 -1.65238e-006 9.11272e-009 0 0 564 0
1.03304e-009 3.2141e-005 5 0.000471931 -0.000333938 6.77898e-005 -1.26589e-005 4.43897e-008 0 0 1333 0
0.000136293 0.0116745 4 -0.0663144 0 0.0023976 0 -2.35156e-005 6.79055e-008 0 287 0
1.05516e-005 0.00324833 5 -0.135073 0.0611428 -0.00275695 0 1.64995e-005 -3.76296e-008 0 526 0
1.22233e-005 0.00349618 5 -0.0757838 0 0.0133382 -0.00349746 4.23127e-005 -7.28983e-008 0 506 0
1.03177e-009 3.21211e-005 6 0.000195687 -5.75797e-005 -4.17914e-006 2.99621e-006 -7.24807e-008 1.62413e-010 0 2070 0
6.286e-005 0.00792843 5 -0.069171 0 0.00385685 0 -6.49805e-005 4.23928e-007 -9.40869e-010 456 0
3.84282e-006 0.00196031 6 -0.0792271 0 0.017974 -0.00531553 0.000106831 -4.07518e-007 6.92594e-010 795 0
3.7324e-006 0.00193194 7 0.0590323 -0.165017 0.06831 -0.017011 0.00023504 -7.66147e-007 1.19501e-009 1574 0
