100
5 9.281921e-02
10 1.863098e-02
15 3.356934e-02
20 5.387878e-02
25 7.586670e-02
30 1.154785e-01
35 1.446838e-01
40 1.854706e-01
45 2.474060e-01
50 2.900391e-01
55 3.727875e-01
60 4.399261e-01
65 5.250244e-01
70 6.233826e-01
75 7.224121e-01
80 8.167419e-01
85 8.952942e-01
90 1.017487e+00
95 1.148911e+00
100 1.237534e+00
105 1.382050e+00
110 1.487289e+00
115 1.659164e+00
120 1.805695e+00
125 1.921005e+00
130 2.100433e+00
135 2.267776e+00
140 2.479431e+00
145 2.626465e+00
150 2.798843e+00
155 3.019226e+00
160 3.367004e+00
165 3.423401e+00
170 3.609039e+00
175 3.812973e+00
180 4.014725e+00
185 4.254242e+00
190 4.463715e+00
195 4.711960e+00
200 4.947113e+00
205 5.206436e+00
5 2.182312e-01
10 3.501892e-02
15 6.144714e-02
20 9.841919e-02
25 1.413269e-01
30 1.990204e-01
35 2.589722e-01
40 4.456329e-01
45 4.121094e-01
50 5.023956e-01
55 6.026459e-01
60 7.128601e-01
65 8.314209e-01
70 9.591217e-01
75 1.094635e+00
80 1.239502e+00
85 1.396286e+00
90 1.559494e+00
95 1.728973e+00
100 1.911850e+00
105 2.104797e+00
110 2.307251e+00
115 2.512436e+00
120 2.738235e+00
125 2.963669e+00
130 3.211563e+00
135 3.456223e+00
140 3.702393e+00
145 3.967773e+00
150 4.253662e+00
155 4.518250e+00
160 4.821625e+00
165 5.192184e+00
170 5.430328e+00
175 5.761765e+00
180 6.086426e+00
185 6.407654e+00
190 6.779816e+00
195 7.133896e+00
200 7.492905e+00
205 8.085709e+00
5 2.185822e-01
10 3.491211e-02
15 6.202698e-02
20 9.831238e-02
25 1.413422e-01
30 1.980896e-01
35 2.577209e-01
40 3.352051e-01
45 4.121094e-01
50 5.030823e-01
55 6.022949e-01
60 7.131958e-01
65 8.278656e-01
70 9.563904e-01
75 1.306793e+00
80 1.239853e+00
85 1.404312e+00
90 1.561325e+00
95 1.727493e+00
100 1.911728e+00
105 2.334137e+00
110 2.305527e+00
115 2.511414e+00
120 2.737549e+00
125 2.964371e+00
130 3.220261e+00
135 5.230530e+00
140 3.700104e+00
145 3.968124e+00
150 4.254333e+00
155 4.518250e+00
160 4.822083e+00
165 7.065125e+00
170 5.429993e+00
175 5.761749e+00
180 6.086884e+00
185 6.407318e+00
190 6.778793e+00
195 7.131165e+00
200 7.492676e+00
205 7.864044e+00
