4.08431 2.02097 1 1.98627 0 0 0 0 0 0 0 100
1.74717 1.32181 2 -5.24314 1.69941 0 0 0 0 0 155 0
0.560737 0.748824 2 -1.01318 0 0.0316899 0 0 0 0 152 0
0.393643 0.62741 3 2.19689 -1.09024 0.046776 0 0 0 0 351 0
0.345001 0.587368 3 0.658372 0 -0.100906 0.0241324 0 0 0 361 0
0.34124 0.584158 4 -0.466542 0.675023 -0.178673 0.036586 0 0 0 598 0
0.333036 0.577093 3 0.0525539 0 0.000276911 0 0.000153364 0 0 351 0
0.336493 0.580081 4 0.0732687 0 -0.00294053 0.000754988 0.000148819 0 0 504 0
0.339182 0.582394 5 0.621022 -0.516443 0.108945 -0.0212742 0.000228402 0 0 1111 0
0.337218 0.580705 4 -0.0703567 0 0.00507429 0 0.000104317 1.43889e-007 0 378 0
0.339289 0.582485 5 0.437329 -0.2241 0.0145302 0 5.17408e-005 2.55815e-007 0 1261 0
0.34057 0.583584 5 -0.0796712 0 0.0168368 -0.003766 0.00017487 -4.58584e-009 0 619 0
0.342783 0.585477 6 0.66932 -0.603912 0.139007 -0.0281679 0.000289788 -9.3943e-008 0 2175 0
0.340739 0.583729 5 -0.0720015 0 0.00598419 0 7.86071e-005 3.60728e-007 -5.5926e-010 548 0
0.344019 0.586531 6 -0.0901432 0 0.0325415 -0.0100629 0.000406483 -1.21691e-006 2.49457e-009 835 0
0.346538 0.588675 7 0.790262 -1.00859 0.311445 -0.0712306 0.000884299 -2.00084e-006 2.90276e-009 2082 0
